DC -1 200 1 2.865082 -1
DC -1 200 0 0.807508 -1
DC -1 200 1 0.547435 -1
STEPPER 1 200 1 -1 -1
STEPPER 0 200 0 -1 -1
DC -1 200 3 1.897545 -1
DC -1 200 0 0.554911 -1
DC -1 200 3 1900 1
DC -1 200 1 1.400051 -1
DC -1 200 0 0.2 -1
STEPPER 1 200 0 -1 -1
STEPPER 0 200 1 -1 -1
DC -1 200 3 1.207398 -1
DC -1 200 1 950 0
DC -1 200 2 950 1
DC -1 200 1 1.327591 -1
DC -1 200 0 0.7 -1	
DC -1 200 1 0.555021 -1
STEPPER 1 200 1 -1 -1
STEPPER 0 200 0 -1 -1
DC -1 200 3 0.517441 -1
DC -1 200 0 2.000044 -1
DC -1 200 3 0.510032 -1
DC -1 200 0 1875 2
DC -1 200 1 2.482559 -1
STEPPER 1 200 0 -1 -1
STEPPER 0 200 1 -1 -1
DC -1 200 3 1.455019 -1
